step loss noise_loss recon_loss gradient_loss content_loss
1 1.80367073 1.30461609 0.33789392 0.94773944 3.47547293
50 0.60507302 0.22495677 0.19736367 0.53583662 2.03608048
100 0.43299443 0.16886694 0.15828310 0.38480056 1.68293905
150 0.30968167 0.10496858 0.21135173 0.45390408 1.94367796
200 0.36447965 0.09797813 0.24724773 0.48313306 2.16713047
250 0.27899648 0.06871295 0.24102179 0.52048673 2.13532895
300 0.31214007 0.06477643 0.14732755 0.33958719 1.40146847
350 0.32506064 0.07911444 0.19164988 0.33651304 1.66297629
400 0.26416327 0.05009105 0.18535448 0.37129293 1.52406988
450 0.29080913 0.07845003 0.18605806 0.29008884 1.70307499
500 0.27631976 0.08056334 0.18242653 0.37046576 1.58071090
550 0.20232915 0.03828625 0.15256210 0.27922731 1.00994435
600 0.28721126 0.07458144 0.10317719 0.19375773 1.10079291
650 0.29380432 0.07802518 0.14016717 0.27996202 1.28685018
700 0.20783001 0.06425049 0.10984697 0.19191308 0.82971304
750 0.26023619 0.07126950 0.19225594 0.35252135 1.37058665
800 0.20513874 0.04483452 0.19379162 0.31153367 1.73287782
850 0.24812865 0.08423219 0.13910653 0.22214369 1.09626071
900 0.15085593 0.03823107 0.14868632 0.21931248 1.03257561
950 0.23136793 0.05475475 0.09923143 0.20185242 0.83781826
1000 0.23484842 0.03795408 0.12076555 0.25537556 1.05389898
1050 0.20353637 0.03050555 0.15798909 0.22077899 1.19293530
1100 0.23426338 0.06237524 0.09174652 0.18980824 0.87606178
1150 0.22487546 0.05395519 0.14087891 0.21318511 1.20447719
1200 0.28305688 0.07454486 0.10123540 0.18621878 1.04114351
1250 0.20595680 0.02918439 0.16660239 0.28412446 1.46202293
1300 0.15940580 0.02665394 0.14618204 0.22546779 1.19462290
1350 0.25261707 0.04540167 0.13750546 0.27551981 1.08465645
1400 0.18834081 0.04176829 0.15937692 0.17810054 1.13784046
1450 0.21987214 0.04619783 0.09755445 0.17161852 0.87589674
1500 0.24512494 0.03781817 0.11767388 0.21939076 1.10757191
1550 0.20416502 0.03286169 0.14232618 0.19809526 1.07019350
1600 0.18375652 0.03661891 0.09265975 0.19585473 0.76617777
1650 0.17676079 0.03412782 0.11026356 0.19496921 0.81761001
1700 0.22537126 0.06642428 0.07851651 0.14480423 0.76757607
1750 0.18608572 0.03320925 0.14240088 0.24159630 1.16277166
1800 0.16791623 0.02039091 0.15690955 0.25104519 1.26841769
1850 0.17101915 0.06433091 0.09615913 0.15863521 0.68634770
1900 0.19741353 0.04235320 0.11140727 0.24062137 1.15704802
1950 0.15833898 0.03522397 0.07955426 0.13350580 0.79585990
2000 0.18667919 0.01942644 0.08800265 0.16546163 0.87827548
2050 0.18123056 0.02035861 0.14121631 0.23932122 1.02036050
2100 0.20756951 0.03548770 0.08128299 0.13869314 0.96273109
2150 0.18423244 0.04654489 0.10883912 0.17167439 0.83071876
2200 0.21661391 0.06584979 0.07757451 0.15443900 0.72016466
2250 0.16476640 0.02713146 0.11056457 0.20850575 1.26957199
2300 0.16586737 0.03981720 0.13734483 0.22341126 1.04240060
2350 0.22092057 0.06677287 0.11745973 0.20784880 0.90407903
2400 0.11192872 0.01691340 0.14526830 0.26334894 1.23050988
2450 0.18633231 0.03891517 0.08219543 0.16261394 0.84382986
2500 0.18142975 0.02629101 0.08932128 0.17420723 0.73568222
2550 0.18426245 0.02153851 0.11973833 0.17549632 1.14116582
2600 0.19808350 0.03276978 0.07771310 0.16898062 0.91705783
2650 0.15909938 0.03985942 0.09669443 0.17310162 0.64092678
2700 0.16100015 0.04728147 0.08040907 0.11912544 0.47394539
2750 0.16567654 0.02928513 0.11254344 0.17991069 0.98765592
2800 0.14015331 0.02775575 0.15971847 0.24333775 1.07799515
2850 0.15946064 0.03904876 0.11373934 0.19252318 0.79078055
2900 0.13554642 0.02603936 0.09606388 0.17706361 0.68108103
2950 0.18794617 0.04234633 0.07333721 0.15067737 0.68291097
3000 0.15732556 0.01506145 0.08322490 0.17458926 0.86094934
3050 0.14890048 0.02253217 0.10703146 0.20294496 0.84272739
3100 0.14602945 0.02743594 0.06651714 0.14478620 0.56516980
3150 0.14815409 0.03262431 0.07863279 0.14047153 0.67472576
3200 0.19511594 0.06692161 0.05876116 0.09951282 0.56114927
3250 0.16760117 0.02348783 0.12325120 0.20474923 1.25905202
3300 0.15389737 0.03118661 0.11030050 0.16799312 0.93571319
3350 0.21462770 0.04295032 0.12626601 0.14962606 1.19281624
3400 0.11826582 0.01736885 0.10262955 0.15353783 0.71853747
3450 0.15182902 0.03356284 0.07161472 0.12547151 0.51827080
3500 0.14687405 0.01901962 0.08562436 0.15714717 0.68317114
3550 0.12930287 0.01365757 0.09157797 0.15894554 0.82310874
3600 0.16393084 0.04203574 0.07594945 0.12501646 0.60169432
3650 0.18088050 0.03883110 0.08282720 0.15463457 0.78054121
3700 0.19766281 0.05086266 0.08612860 0.14286050 0.70655660
3750 0.11514085 0.01561444 0.10702075 0.15360269 0.76446273
3800 0.13670074 0.01707859 0.12882665 0.16234383 1.04841501
3850 0.12495892 0.02734217 0.09999853 0.11310858 0.77487654
3900 0.14651593 0.02644739 0.10260868 0.18104733 0.93431007
3950 0.13844474 0.02798320 0.06971586 0.13429355 0.52661829
4000 0.19413431 0.01609837 0.07937497 0.13935149 0.94073035
4050 0.12084000 0.01273832 0.09722285 0.16231184 0.68822744
4100 0.11517253 0.02746123 0.06852593 0.10276116 0.39914136
4150 0.13275543 0.03849878 0.07748099 0.14483033 0.60450378
4200 0.14021491 0.03334814 0.05845518 0.09067325 0.52440378
4250 0.14519320 0.02064940 0.11802180 0.17890553 0.87860885
4300 0.08599841 0.01458239 0.09812677 0.13082957 0.85563347
4350 0.21393767 0.05503046 0.10299375 0.17524189 0.87940136
4400 0.11341318 0.01914414 0.09793022 0.15869791 0.81911185
4450 0.15413881 0.02409283 0.07136546 0.13245406 0.63710236
4500 0.11463956 0.01157620 0.06319064 0.11386782 0.47654564
4550 0.10775344 0.01489092 0.10220345 0.11139766 0.67849533
4600 0.12270046 0.02751801 0.05702341 0.10440734 0.42141745
4650 0.13240522 0.02924719 0.07494313 0.13989810 0.59200307
4700 0.08797317 0.02086276 0.06458237 0.10676592 0.43968242
4750 0.10896701 0.02635893 0.08037126 0.13777219 0.62493367
4800 0.09945567 0.01657060 0.15073743 0.18211813 1.31043560
4850 0.13859173 0.04080150 0.11419571 0.12478483 0.86351480
4900 0.08746777 0.01495670 0.08719678 0.12828630 0.68314696
4950 0.14160744 0.02881078 0.06449126 0.11696120 0.54219185
5000 0.13133199 0.01725328 0.08330384 0.14070321 0.56218125
5050 0.10418925 0.01092697 0.07784416 0.12576592 0.68298815
5100 0.12138700 0.03366328 0.05607297 0.09603099 0.40648188
5150 0.11155931 0.02208960 0.07598342 0.13547965 0.55866738
5200 0.15831758 0.03969910 0.06935033 0.11266197 0.58229641
5250 0.10851982 0.01532555 0.09915494 0.17323890 0.74482251
5300 0.09361156 0.01162188 0.11074039 0.15703598 0.75848219
5350 0.16331668 0.02498307 0.10458396 0.18069007 0.70357110
5400 0.10205534 0.01478306 0.09298777 0.13721403 0.69569282
5450 0.13740616 0.02558284 0.07427599 0.11453513 0.51868895
5500 0.13182042 0.01795645 0.07396608 0.14768495 0.53590570
5550 0.11209868 0.01493435 0.09542430 0.13186388 0.56011537
5600 0.10487181 0.01900352 0.06387113 0.11213114 0.41968271
5650 0.09931252 0.01724886 0.07423162 0.11101386 0.44826629
5700 0.13214129 0.03830604 0.05518591 0.08266459 0.45051424
5750 0.10604811 0.01804167 0.08274578 0.13067171 0.61303477
5800 0.09985705 0.01196373 0.13974075 0.15709853 0.80275350
5850 0.09538738 0.03237477 0.06369072 0.09532420 0.45373873
5900 0.10962455 0.02434426 0.07547452 0.13730961 0.63908699
5950 0.08108075 0.01869210 0.04924304 0.07920044 0.32536943
6000 0.10854599 0.01079818 0.06126991 0.10204768 0.47238821
6050 0.09891154 0.00839442 0.08458392 0.11207992 0.59743405
6100 0.09274672 0.01898420 0.05062070 0.09092708 0.32635411
6150 0.11224038 0.02984946 0.06351026 0.11267773 0.47024766
6200 0.13296872 0.03890413 0.06096518 0.10034172 0.41806261
6250 0.10474630 0.01595678 0.08377169 0.14410703 0.75951138
6300 0.09999813 0.02646982 0.08654976 0.11864965 0.67477697
6350 0.13914323 0.03868385 0.08446964 0.10053078 0.54630804
6400 0.06338292 0.00722884 0.08492880 0.12616201 0.71937921
6450 0.11325626 0.02206692 0.05800299 0.09879111 0.49301579
6500 0.10150381 0.01215472 0.05938715 0.10194643 0.38837812
6550 0.08956152 0.00842534 0.07235413 0.11329110 0.51512039
6600 0.09506261 0.01785193 0.04342015 0.08323125 0.39371165
6650 0.09584718 0.02605190 0.05521584 0.10108911 0.38833017
6700 0.10532896 0.02956627 0.05589538 0.08482949 0.30176994
6750 0.09235382 0.01358390 0.07084742 0.10642456 0.57225741
6800 0.06809248 0.01159994 0.10153884 0.13515835 0.62278738
6850 0.10217648 0.02247962 0.08086343 0.12996552 0.53914373
6900 0.06368270 0.01111136 0.05402573 0.07851653 0.29434756
6950 0.10639581 0.02204066 0.05005166 0.08713145 0.37169921
7000 0.07133702 0.00508126 0.04697122 0.07913445 0.37051273
7050 0.06799942 0.00793375 0.07494926 0.08174731 0.44654539
7100 0.08266974 0.01557632 0.04215885 0.07469043 0.31271692
7150 0.07743223 0.01801951 0.04876672 0.07876036 0.33488255
7200 0.10154497 0.03237083 0.04052260 0.06761059 0.27743992
7250 0.08333625 0.01376730 0.07025000 0.11833644 0.49464265
7300 0.08054214 0.01560311 0.07967507 0.08635396 0.49302627
7350 0.11082066 0.01761050 0.07957813 0.09834937 0.58927789
7400 0.06201231 0.00735206 0.06350564 0.08963190 0.38666388
7450 0.07553202 0.01215393 0.04197202 0.06605521 0.26979733
7500 0.08192073 0.00638825 0.05190932 0.08582213 0.40335263
7550 0.06793485 0.00351315 0.05692735 0.08492426 0.44550866
7600 0.07691952 0.02176197 0.03333219 0.06242972 0.26195999
7650 0.08949232 0.02043975 0.04610255 0.08378677 0.37949239
7700 0.11249699 0.03113394 0.05924238 0.08311302 0.35498843
7750 0.06065373 0.00816373 0.05766916 0.08471800 0.41261311
7800 0.07813652 0.00726859 0.08817989 0.09786954 0.66644763
7850 0.06791702 0.01300820 0.06220782 0.09549658 0.42393744
7900 0.06615469 0.00970866 0.05845351 0.08003066 0.44176050
7950 0.06934784 0.01044468 0.04176175 0.07802052 0.26148166
8000 0.08134837 0.00457632 0.03576348 0.07166793 0.38774566
8050 0.06664344 0.00431620 0.06355673 0.08150743 0.39759362
8100 0.06242441 0.01423900 0.03571526 0.05861927 0.22281248
8150 0.07286175 0.02178907 0.04828212 0.08157065 0.31992257
8200 0.07853408 0.01646383 0.03995009 0.06498893 0.28389114
8250 0.08107335 0.00939225 0.07337809 0.11182486 0.49165842
8300 0.04635865 0.00650044 0.07019119 0.08433810 0.53828954
8350 0.12173484 0.02999203 0.06431430 0.10110048 0.49570087
8400 0.04860399 0.00718428 0.04520424 0.08754359 0.29433867
8450 0.07148780 0.00760242 0.03930634 0.06875927 0.29299511
8500 0.05610221 0.00352118 0.03487338 0.06128720 0.22658564
8550 0.05733202 0.00512138 0.06430139 0.07305454 0.36617514
8600 0.05942896 0.01086530 0.03121965 0.05420799 0.21026017
8650 0.07686185 0.01993936 0.04418652 0.07718101 0.32055120
8700 0.05668576 0.01464121 0.05122567 0.06865740 0.27328006
8750 0.05987520 0.00952859 0.05116528 0.07996296 0.38376692
8800 0.05278044 0.00752079 0.10529879 0.14895271 0.83054345
8850 0.08295366 0.02490860 0.07658221 0.10754074 0.45055329
8900 0.04187655 0.00651601 0.05386290 0.07741143 0.29925118
8950 0.07134958 0.01354443 0.03637375 0.07445198 0.24907798
9000 0.05899642 0.00530547 0.03601434 0.06748988 0.24875984
9050 0.05898478 0.00371607 0.04601285 0.07056838 0.41532208
9100 0.06429761 0.01695835 0.02928982 0.05485795 0.22062550
9150 0.05745291 0.00962739 0.03676205 0.07207278 0.29469471
9200 0.10212026 0.02480828 0.04604218 0.07557937 0.38017258
9250 0.06654552 0.00823139 0.06347041 0.12111168 0.46841294
9300 0.05861293 0.00562300 0.06868958 0.09476919 0.53942957
9350 0.09918112 0.01296522 0.07465531 0.08793637 0.44478454
9400 0.05138120 0.00532320 0.05459194 0.08598614 0.36549269
9450 0.06477327 0.00739604 0.03439408 0.06614886 0.26503710
9500 0.06866473 0.00707798 0.04096527 0.07409753 0.29386287
9550 0.07285903 0.00682375 0.06910171 0.09131273 0.36168439
9600 0.05111345 0.00768340 0.03191316 0.05789890 0.20063761
9650 0.06146812 0.00865484 0.04395302 0.07802481 0.29116163
9700 0.08397314 0.02084902 0.03978422 0.05031410 0.31108152
9750 0.06360601 0.00953233 0.05238634 0.07596687 0.38654824
9800 0.06567932 0.00583495 0.09897378 0.12893615 0.57239109
9850 0.06949992 0.02191108 0.04804382 0.06118494 0.37456448
9900 0.06156720 0.01248810 0.05049789 0.08653548 0.34987523
9950 0.04789697 0.00783985 0.03486775 0.05230326 0.21933067
10000 0.05814426 0.00349914 0.03672282 0.06313589 0.25349971
