step total noise recon gradient content
1 1.991903 1.394604 0.388175 0.990761 3.807260
51 0.871678 0.456895 0.266175 0.702912 2.565922
101 0.643977 0.290271 0.227829 0.592269 2.231481
151 0.423840 0.136198 0.186154 0.457452 1.851881
201 0.391287 0.119720 0.176689 0.407286 1.740677
251 0.364482 0.106652 0.170602 0.380871 1.684777
301 0.345049 0.096228 0.166241 0.355358 1.632026
351 0.331813 0.087336 0.162080 0.337645 1.590358
401 0.325307 0.082436 0.159080 0.335728 1.584188
451 0.310361 0.075065 0.157476 0.333264 1.567139
501 0.290618 0.066954 0.156024 0.323769 1.540913
551 0.284217 0.064222 0.153096 0.303096 1.513231
601 0.276715 0.061793 0.148169 0.296883 1.468037
651 0.269389 0.059678 0.144065 0.291420 1.432145
701 0.266334 0.057138 0.142597 0.285477 1.423692
751 0.261298 0.054167 0.140539 0.281993 1.393241
801 0.252534 0.051841 0.136780 0.272753 1.364762
851 0.239949 0.047046 0.138953 0.266658 1.385733
901 0.231733 0.044834 0.134748 0.255540 1.347520
951 0.229831 0.045000 0.126165 0.244203 1.288271
1001 0.230890 0.045822 0.126199 0.239063 1.282947
1051 0.226352 0.043286 0.124037 0.241226 1.265258
1101 0.224818 0.042185 0.124652 0.239924 1.276563
1151 0.227665 0.045217 0.126347 0.238526 1.269466
1201 0.227882 0.045156 0.124463 0.242177 1.251331
1251 0.228330 0.043791 0.123465 0.242297 1.251273
1301 0.223348 0.041696 0.122484 0.238004 1.249408
1351 0.210515 0.037763 0.119539 0.231996 1.246114
1401 0.204121 0.036891 0.116072 0.222559 1.210895
1451 0.203846 0.038586 0.111939 0.211888 1.156890
1501 0.203026 0.038305 0.109953 0.213309 1.133733
1551 0.199168 0.034451 0.109408 0.215914 1.142357
1601 0.192717 0.031905 0.106854 0.210957 1.126897
1651 0.191775 0.033483 0.105488 0.208036 1.102763
1701 0.190732 0.033606 0.104927 0.204683 1.091337
1751 0.188864 0.031244 0.105641 0.202453 1.083755
1801 0.186969 0.030468 0.107221 0.203389 1.085380
1851 0.178184 0.028455 0.107453 0.204511 1.087091
1901 0.170849 0.027224 0.100302 0.194537 1.049504
1951 0.166023 0.027181 0.093676 0.182673 0.982118
2001 0.164589 0.026263 0.094136 0.179975 0.964077
2051 0.162300 0.023832 0.092680 0.177353 0.962514
2101 0.158573 0.022158 0.092116 0.176049 0.955757
2151 0.161736 0.023852 0.093931 0.178727 0.965296
2201 0.166476 0.025172 0.097275 0.182552 0.979319
2251 0.164787 0.024856 0.096327 0.177991 0.964781
2301 0.157566 0.023127 0.091819 0.174435 0.937061
2351 0.151252 0.020330 0.093610 0.175213 0.953348
2401 0.146946 0.018668 0.091044 0.170519 0.930328
2451 0.142752 0.018889 0.085150 0.160261 0.879004
2501 0.141026 0.019341 0.083324 0.154155 0.864285
2551 0.140439 0.017818 0.082553 0.152897 0.868448
2601 0.142181 0.017613 0.087207 0.155296 0.890951
2651 0.141981 0.019038 0.086769 0.154318 0.878231
2701 0.139394 0.018050 0.084361 0.148873 0.860713
2751 0.141871 0.017457 0.085177 0.152612 0.870700
2801 0.144849 0.018547 0.087665 0.161806 0.884382
2851 0.139033 0.017370 0.090429 0.162012 0.888604
2901 0.127802 0.014619 0.083858 0.147274 0.844208
2951 0.123922 0.013818 0.077811 0.135073 0.798101
3001 0.127739 0.014521 0.079120 0.139754 0.808151
3051 0.128656 0.014435 0.078952 0.139631 0.822334
3101 0.124224 0.013430 0.076683 0.130530 0.807440
3151 0.122437 0.013138 0.076478 0.126914 0.796494
3201 0.125518 0.013572 0.078445 0.133671 0.804132
3251 0.126204 0.013002 0.077969 0.136691 0.807657
3301 0.121959 0.011980 0.074494 0.133054 0.794135
3351 0.117678 0.011629 0.075866 0.129950 0.797379
3401 0.115712 0.011381 0.075692 0.124129 0.787247
3451 0.115137 0.011374 0.070831 0.121435 0.755305
3501 0.117279 0.011905 0.072098 0.123680 0.762881
3551 0.117735 0.011642 0.074091 0.122938 0.770499
3601 0.113627 0.010486 0.071607 0.121761 0.748071
3651 0.116047 0.010929 0.072160 0.129377 0.763516
3701 0.119336 0.011475 0.073595 0.131479 0.780706
3751 0.118087 0.011139 0.072600 0.125541 0.768215
3801 0.115952 0.010811 0.073119 0.121698 0.763978
3851 0.113312 0.010216 0.075628 0.126170 0.779764
3901 0.110129 0.009642 0.071806 0.123797 0.758958
3951 0.106730 0.009318 0.067107 0.113603 0.719446
4001 0.111048 0.010004 0.069825 0.116545 0.743892
4051 0.113926 0.010180 0.072229 0.119878 0.753299
4101 0.108205 0.009056 0.070234 0.115874 0.720321
4151 0.107133 0.009611 0.067339 0.111593 0.711972
4201 0.110618 0.010027 0.068616 0.113565 0.728813
4251 0.109149 0.008664 0.067192 0.112447 0.719144
4301 0.106160 0.008250 0.066018 0.108608 0.705352
4351 0.104589 0.008239 0.070420 0.110980 0.726273
4401 0.104552 0.008309 0.070173 0.112887 0.728168
4451 0.104582 0.008331 0.066460 0.110737 0.704547
4501 0.103008 0.008324 0.064876 0.107061 0.697162
4551 0.103807 0.008560 0.065251 0.107565 0.703365
4601 0.104884 0.008534 0.064705 0.108739 0.701189
4651 0.106526 0.008834 0.065618 0.106175 0.712398
4701 0.106580 0.008878 0.067877 0.106235 0.717450
4751 0.103984 0.007971 0.066587 0.107691 0.703439
4801 0.103178 0.007597 0.064902 0.108408 0.702896
4851 0.101411 0.007513 0.067902 0.110951 0.713982
4901 0.097351 0.007152 0.066455 0.104996 0.695902
4951 0.096537 0.007167 0.061726 0.099200 0.672890
5001 0.097244 0.006704 0.061465 0.099312 0.672836
5051 0.096130 0.006262 0.061104 0.096134 0.664922
5101 0.094434 0.006592 0.060758 0.093621 0.651965
5151 0.097996 0.007553 0.061904 0.098541 0.669613
5201 0.100903 0.007894 0.063750 0.102220 0.694186
5251 0.097251 0.006785 0.061982 0.099166 0.679949
5301 0.096018 0.006523 0.062054 0.096861 0.676001
5351 0.094970 0.006434 0.064447 0.097011 0.685224
5401 0.092319 0.006061 0.060509 0.094325 0.665246
5451 0.091957 0.006061 0.057440 0.091981 0.646634
5501 0.091584 0.006184 0.058194 0.090221 0.641273
5551 0.091035 0.005968 0.058095 0.089777 0.637728
5601 0.090811 0.005541 0.057482 0.089831 0.643227
5651 0.091549 0.005702 0.059524 0.087983 0.651198
5701 0.092410 0.005885 0.061304 0.088381 0.653356
5751 0.090336 0.005336 0.058221 0.087811 0.639751
5801 0.088606 0.004815 0.056505 0.086022 0.636184
5851 0.087699 0.004778 0.058962 0.089816 0.651290
5901 0.084912 0.004611 0.057262 0.088937 0.633495
5951 0.083906 0.004635 0.054496 0.083321 0.608413
6001 0.086551 0.005369 0.055948 0.083602 0.612712
6051 0.088293 0.005436 0.056482 0.082132 0.621697
6101 0.087491 0.004697 0.056727 0.081991 0.630863
6151 0.085978 0.004570 0.056616 0.081152 0.620835
6201 0.085216 0.004632 0.055011 0.080131 0.611492
6251 0.085814 0.004340 0.054362 0.082066 0.612626
6301 0.086591 0.004159 0.055097 0.083746 0.619343
6351 0.083250 0.004114 0.056273 0.085485 0.624441
6401 0.080221 0.003938 0.053940 0.082329 0.606475
6451 0.081610 0.004460 0.051573 0.076334 0.591418
6501 0.083358 0.004752 0.052159 0.076513 0.597681
6551 0.081830 0.004179 0.051092 0.076934 0.595819
6601 0.082294 0.004040 0.052769 0.078089 0.604208
6651 0.083931 0.004421 0.054613 0.078949 0.609785
6701 0.083396 0.004567 0.053441 0.076968 0.598852
6751 0.083853 0.004422 0.051845 0.079292 0.590863
6801 0.081117 0.004087 0.049940 0.077031 0.586876
6851 0.079370 0.003748 0.051749 0.075793 0.604333
6901 0.078599 0.003490 0.050361 0.075547 0.590834
6951 0.076908 0.003516 0.046040 0.071542 0.560914
7001 0.078005 0.003666 0.047366 0.071890 0.563335
7051 0.077076 0.003392 0.047326 0.070616 0.564823
7101 0.076307 0.003254 0.046556 0.071048 0.564633
7151 0.078589 0.003588 0.048585 0.074832 0.574203
7201 0.078503 0.003539 0.048824 0.073144 0.576179
7251 0.077008 0.003169 0.047267 0.069474 0.563604
7301 0.076460 0.003142 0.047269 0.069589 0.566342
7351 0.076634 0.003266 0.050677 0.074676 0.591120
7401 0.075158 0.003181 0.047665 0.072976 0.576229
7451 0.073692 0.003089 0.043623 0.070190 0.548438
7501 0.075510 0.003176 0.045581 0.070667 0.560166
7551 0.075745 0.002996 0.045242 0.068501 0.563444
7601 0.073489 0.002692 0.044364 0.068055 0.549492
7651 0.073328 0.002787 0.044693 0.066728 0.547992
7701 0.074544 0.002913 0.045744 0.067239 0.550867
7751 0.073358 0.002837 0.044572 0.066911 0.541960
7801 0.072038 0.002753 0.042893 0.065679 0.541450
7851 0.071956 0.002598 0.045432 0.070098 0.556916
7901 0.071225 0.002499 0.044630 0.069725 0.546469
7951 0.069201 0.002552 0.041166 0.065779 0.524446
8001 0.069818 0.002577 0.041367 0.065584 0.531770
8051 0.071467 0.002406 0.042152 0.063808 0.536995
8101 0.069497 0.002314 0.042211 0.063328 0.526125
8151 0.068553 0.002468 0.041592 0.062947 0.523865
8201 0.069188 0.002479 0.041006 0.062562 0.526744
8251 0.069242 0.002345 0.040025 0.063243 0.521917
8301 0.070038 0.002383 0.040908 0.063407 0.529002
8351 0.069419 0.002341 0.043003 0.066452 0.543993
8401 0.067141 0.002077 0.041110 0.066123 0.532130
8451 0.066535 0.002128 0.038232 0.062389 0.510012
8501 0.067639 0.002296 0.039143 0.063524 0.512746
8551 0.067517 0.002139 0.039056 0.063422 0.516241
8601 0.066213 0.002079 0.037496 0.061501 0.507093
8651 0.066960 0.002150 0.038344 0.060570 0.513422
8701 0.067043 0.002151 0.038385 0.060838 0.513869
8751 0.066258 0.002041 0.036334 0.061852 0.505906
8801 0.066804 0.002018 0.036778 0.061506 0.511080
8851 0.066656 0.002014 0.039106 0.062767 0.527749
8901 0.065319 0.001852 0.037312 0.063035 0.519836
8951 0.064589 0.001895 0.034790 0.060084 0.497385
9001 0.065006 0.002074 0.035248 0.058605 0.499758
9051 0.065097 0.002042 0.035798 0.058407 0.500496
9101 0.063968 0.001936 0.035640 0.058387 0.490922
9151 0.064814 0.002002 0.036530 0.058880 0.502002
9201 0.066583 0.002017 0.036956 0.060799 0.511242
9251 0.065429 0.001950 0.035151 0.060403 0.497256
9301 0.064450 0.001947 0.035486 0.058599 0.497704
9351 0.063890 0.001895 0.037973 0.060906 0.513760
9401 0.063406 0.001774 0.036119 0.060559 0.508870
9451 0.062908 0.001756 0.033602 0.058507 0.493286
9501 0.063580 0.001808 0.034634 0.058755 0.495686
9551 0.064468 0.001784 0.035178 0.059124 0.493624
9601 0.063023 0.001742 0.034880 0.058970 0.485879
9651 0.063946 0.001946 0.035067 0.058785 0.496054
9701 0.065447 0.002032 0.035432 0.059503 0.502176
9751 0.064618 0.001823 0.033773 0.058093 0.488559
9801 0.065052 0.001750 0.034758 0.058271 0.490397
9851 0.064852 0.001749 0.037673 0.062047 0.507164
9901 0.063388 0.001758 0.035878 0.060807 0.497140
9951 0.063516 0.001845 0.034303 0.058724 0.483954
