step Ashen BareBones Cartoon Chibli
1 1.80367073 1.69209471 1.81484678 1.99190319
50 0.60507302 0.33019955 0.49558558 0.37871839
100 0.43299443 0.33187121 0.50066540 0.46165377
150 0.30968167 0.20051001 0.39587818 0.42878715
200 0.36447965 0.18938774 0.36640291 0.30671079
250 0.27899648 0.19479261 0.38282008 0.26730480
300 0.31214007 0.14704346 0.29596065 0.37521937
350 0.32506064 0.19537156 0.32788254 0.24080664
400 0.26416327 0.17505865 0.29833012 0.34067583
450 0.29080913 0.16148907 0.33188840 0.25474398
500 0.27631976 0.15515797 0.24565206 0.34799606
550 0.20232915 0.15273406 0.26413768 0.14634088
600 0.28721126 0.16755789 0.38384360 0.28293310
650 0.29380432 0.16053986 0.31954123 0.24211808
700 0.20783001 0.19670117 0.39839296 0.17931106
750 0.26023619 0.13036477 0.31800422 0.25252779
800 0.20513874 0.12594902 0.24926058 0.19379699
850 0.24812865 0.12951655 0.37811829 0.21103226
900 0.15085593 0.10370645 0.24903932 0.24464749
950 0.23136793 0.14023757 0.34758596 0.19197315
1000 0.23484842 0.12285363 0.24994333 0.19886224
1050 0.20353637 0.11846170 0.21839520 0.17272473
1100 0.23426338 0.12683163 0.35980995 0.23066118
1150 0.22487546 0.16475232 0.24466918 0.18949973
1200 0.28305688 0.14576674 0.22772753 0.14522834
1250 0.20595680 0.09788438 0.22843836 0.16474697
1300 0.15940580 0.09248741 0.21786023 0.18147968
1350 0.25261707 0.11903401 0.31352188 0.17393720
1400 0.18834081 0.08337872 0.20548951 0.18476213
1450 0.21987214 0.13036895 0.18274832 0.12187352
1500 0.24512494 0.08950126 0.24452269 0.19557928
1550 0.20416502 0.10173780 0.21384576 0.18175712
1600 0.18375652 0.11458448 0.20891007 0.15932945
1650 0.17676079 0.12787334 0.25021648 0.17889639
1700 0.22537126 0.12380053 0.30652029 0.14265754
1750 0.18608572 0.07732315 0.20331333 0.15099948
1800 0.16791623 0.08354282 0.19113085 0.13686775
1850 0.17101915 0.09809405 0.29346443 0.14483465
1900 0.19741353 0.06342609 0.21214861 0.17654199
1950 0.15833898 0.10384017 0.24877296 0.14250312
2000 0.18667919 0.08030113 0.19618860 0.16948249
2050 0.18123056 0.08971958 0.18643833 0.10786046
2100 0.20756951 0.10211389 0.22575216 0.14778913
2150 0.18423244 0.12004317 0.20173111 0.15679854
2200 0.21661391 0.11961223 0.29705044 0.11102594
2250 0.16476640 0.07338754 0.17422166 0.15405631
2300 0.16586737 0.07539510 0.17659408 0.12669450
2350 0.22092057 0.09680439 0.24095726 0.12350963
2400 0.11192872 0.06012719 0.13334418 0.15714527
2450 0.18633231 0.08805137 0.25961980 0.09589956
2500 0.18142975 0.07612866 0.23043334 0.14748790
2550 0.18426245 0.08009250 0.22660305 0.11397851
2600 0.19808350 0.09413709 0.23813022 0.11491054
2650 0.15909938 0.11595108 0.22570905 0.12876181
2700 0.16100015 0.10780749 0.25764089 0.11465627
2750 0.16567654 0.07117784 0.22144119 0.13482768
2800 0.14015331 0.07554117 0.15987511 0.09744237
2850 0.15946064 0.08980949 0.21514499 0.11481650
2900 0.13554642 0.05374409 0.15033257 0.10989686
2950 0.18794617 0.08332273 0.22450633 0.11468792
3000 0.15732556 0.07386014 0.18284890 0.14779004
3050 0.14890048 0.07885524 0.16080941 0.09012538
3100 0.14602945 0.08728561 0.24449648 0.13403132
3150 0.14815409 0.10412990 0.23224957 0.15245423
3200 0.19511594 0.09830761 0.21904523 0.12090678
3250 0.16760117 0.06352348 0.21944936 0.08667870
3300 0.15389737 0.06395896 0.17590296 0.09156287
3350 0.21462770 0.08199969 0.28995610 0.14383799
3400 0.11826582 0.04830784 0.17471770 0.09840098
3450 0.15182902 0.07701678 0.26141265 0.09201537
3500 0.14687405 0.06377639 0.17942558 0.15211609
3550 0.12930287 0.07686698 0.18318430 0.08983085
3600 0.16393084 0.07776205 0.19321161 0.11126728
3650 0.18088050 0.08508457 0.16415833 0.13413026
3700 0.19766281 0.09109463 0.19114859 0.07982137
3750 0.11514085 0.05697763 0.16989449 0.06239299
3800 0.13670074 0.06188112 0.15468410 0.09350126
3850 0.12495892 0.06896357 0.23145628 0.09692772
3900 0.14651593 0.04270498 0.18366722 0.10472462
3950 0.13844474 0.07222692 0.15100537 0.12013101
4000 0.19413431 0.06056310 0.18915435 0.10129175
4050 0.12084000 0.06638536 0.18533885 0.10639190
4100 0.11517253 0.07640738 0.18304360 0.08784160
4150 0.13275543 0.07397454 0.15745006 0.07262936
4200 0.14021491 0.08172243 0.22118813 0.06668257
4250 0.14519320 0.04950728 0.16294048 0.09108959
4300 0.08599841 0.06122432 0.16023574 0.06312022
4350 0.21393767 0.06524973 0.22715209 0.07249970
4400 0.11341318 0.03897579 0.14092210 0.11385610
4450 0.15413881 0.06652796 0.24130513 0.08368468
4500 0.11463956 0.05374501 0.13069222 0.09993428
4550 0.10775344 0.05658116 0.13678062 0.11949112
4600 0.12270046 0.07109389 0.23318757 0.08184136
4650 0.13240522 0.06341835 0.14838052 0.08903440
4700 0.08797317 0.07542907 0.20712723 0.06962569
4750 0.10896701 0.04387840 0.12844151 0.12066578
4800 0.09945567 0.05738692 0.11690473 0.08530658
4850 0.13859173 0.05878124 0.21676445 0.08516703
4900 0.08746777 0.03138112 0.14458204 0.07982288
4950 0.14160744 0.06176198 0.21903513 0.07812098
5000 0.13133199 0.05326478 0.16892412 0.06762374
5050 0.10418925 0.05544062 0.10538912 0.10358086
5100 0.12138700 0.06663376 0.19459353 0.06757488
5150 0.11155931 0.05535903 0.17809123 0.11397811
5200 0.15831758 0.06826288 0.22154321 0.10388882
5250 0.10851982 0.03969651 0.12669823 0.08936705
5300 0.09361156 0.04934637 0.10645963 0.08507122
5350 0.16331668 0.05519743 0.18971425 0.07827882
5400 0.10205534 0.03009192 0.13528179 0.09626659
5450 0.13740616 0.05643079 0.16264347 0.08475099
5500 0.13182042 0.04498154 0.11260103 0.09138274
5550 0.11209868 0.05398940 0.13769734 0.05905197
5600 0.10487181 0.06273400 0.18984973 0.12058628
5650 0.09931252 0.05009123 0.13071047 0.11638282
5700 0.13214129 0.06208062 0.17122384 0.07413892
5750 0.10604811 0.03787031 0.14237199 0.09223824
5800 0.09985705 0.05071023 0.13180043 0.04786213
5850 0.09538738 0.04798462 0.18882176 0.09244350
5900 0.10962455 0.03286754 0.14447929 0.10645632
5950 0.08108075 0.05335864 0.13646064 0.07393318
6000 0.10854599 0.04006691 0.12040876 0.08391167
6050 0.09891154 0.04979011 0.10360745 0.02926297
6100 0.09274672 0.05659144 0.12078168 0.10009459
6150 0.11224038 0.04273541 0.15292862 0.08162002
6200 0.13296872 0.05646182 0.16491923 0.06975056
6250 0.10474630 0.03175387 0.13220483 0.07881845
6300 0.09999813 0.04755900 0.11602735 0.06260979
6350 0.13914323 0.04612367 0.20618124 0.07528991
6400 0.06338292 0.02509778 0.12776494 0.07980951
6450 0.11325626 0.05287415 0.11851409 0.08021586
6500 0.10150381 0.03741194 0.10157873 0.09715815
6550 0.08956152 0.05014950 0.12767779 0.06706208
6600 0.09506261 0.05473443 0.12061426 0.10278857
6650 0.09584718 0.04188746 0.13744093 0.07465350
6700 0.10532896 0.05167155 0.20293500 0.06506705
6750 0.09235382 0.02750844 0.11968548 0.06079055
6800 0.06809248 0.04497379 0.10924511 0.07991731
6850 0.10217648 0.04344545 0.22105194 0.06823534
6900 0.06368270 0.02193154 0.10476038 0.05442010
6950 0.10639581 0.04866831 0.15295194 0.03568886
7000 0.07133702 0.03680082 0.10774890 0.09161753
7050 0.06799942 0.04282026 0.08941863 0.08198970
7100 0.08266974 0.05046119 0.14934480 0.09495900
7150 0.07743223 0.03505647 0.10073336 0.08790275
7200 0.10154497 0.04911974 0.13207503 0.05765661
7250 0.08333625 0.02550529 0.12390775 0.05855475
7300 0.08054214 0.04052572 0.07675447 0.06791398
7350 0.11082066 0.04296095 0.14939962 0.05738442
7400 0.06201231 0.02096027 0.07393906 0.07562738
7450 0.07553202 0.04775542 0.12057687 0.06037641
7500 0.08192073 0.03508096 0.08978357 0.08482661
7550 0.06793485 0.04085574 0.09219551 0.03666834
7600 0.07691952 0.04880661 0.16209608 0.08686121
7650 0.08949232 0.03118618 0.10786669 0.07357518
7700 0.11249699 0.04563054 0.13959275 0.03946115
7750 0.06065373 0.02500485 0.09309825 0.07286647
7800 0.07813652 0.04106050 0.08770174 0.05308919
7850 0.06791702 0.03639153 0.12274042 0.06328209
7900 0.06615469 0.01955041 0.08879238 0.08798783
7950 0.06934784 0.04507353 0.11836782 0.03981373
8000 0.08134837 0.03225754 0.09434791 0.09147489
8050 0.06664344 0.03901816 0.08041677 0.06148730
8100 0.06242441 0.04671971 0.11244613 0.06369342
8150 0.07286175 0.02844317 0.08458998 0.06963152
8200 0.07853408 0.04327077 0.11580332 0.06404034
8250 0.08107335 0.02314375 0.12887042 0.06276104
8300 0.04635865 0.03879614 0.08545495 0.04098429
8350 0.12173484 0.03531096 0.18160178 0.06499441
8400 0.04860399 0.01900299 0.09892282 0.06923497
8450 0.07148780 0.04413376 0.09495641 0.06759507
8500 0.05610221 0.03050921 0.08386199 0.07866281
8550 0.05733202 0.03856783 0.07316391 0.05206535
8600 0.05942896 0.04430972 0.10256410 0.08367505
8650 0.07686185 0.02600425 0.09809275 0.09094683
8700 0.05668576 0.04124939 0.14872352 0.07311815
8750 0.05987520 0.02104895 0.09229627 0.05183102
8800 0.05278044 0.03784507 0.06418203 0.04251362
8850 0.08295366 0.03343315 0.12835502 0.08634895
8900 0.04187655 0.01794299 0.07486628 0.05595804
8950 0.07134958 0.04276591 0.09702410 0.05624819
9000 0.05899642 0.02936902 0.08267039 0.08086651
9050 0.05898478 0.03530229 0.08714975 0.03768396
9100 0.06429761 0.04300657 0.07937992 0.07007372
9150 0.05745291 0.02476287 0.09867746 0.10020054
9200 0.10212026 0.03984348 0.13034606 0.04093402
9250 0.06654552 0.02068968 0.08265777 0.03039562
9300 0.05861293 0.03674720 0.07473929 0.05146837
9350 0.09918112 0.03132208 0.13614189 0.06571221
9400 0.05138120 0.01720850 0.09069289 0.06151196
9450 0.06477327 0.04068740 0.11826818 0.08318683
9500 0.06866473 0.02818696 0.06699624 0.05873104
9550 0.07285903 0.03558131 0.08327999 0.05432815
9600 0.05111345 0.04272782 0.11048935 0.05610176
9650 0.06146812 0.02336223 0.08151348 0.04021125
9700 0.08397314 0.03897143 0.14907129 0.04010732
9750 0.06360601 0.02020949 0.08359290 0.06609230
9800 0.06567932 0.03634754 0.08860286 0.03185015
9850 0.06949992 0.03034111 0.12897058 0.04075337
9900 0.06156720 0.01659645 0.09084474 0.06098943
9950 0.04789697 0.03972107 0.08944816 0.05546778
10000 0.05814426 0.02759996 0.07411536 0.05683611
